爱心人寿爱心i+定期寿险费率表 
 
保险期间：20年    基本保险金额：1000元 
 
费率1档 
   
   
   
   
   
 金额单位：人民币元 
 
性别 
 男性 
 女性 
 
年龄/交费期 
 一次交清 
 10年交 
 20年交 
 一次交清 
 10年交 
 20年交 
 
18 
 7.94  
 0.86  
 0.50  
 4.66  
 0.50  
 0.29  
 
19 
 8.40  
 0.91  
 0.53  
 4.85  
 0.53  
 0.30  
 
20 
 8.90  
 0.97  
 0.56  
 5.08  
 0.55  
 0.32  
 
21 
 9.46  
 1.03  
 0.59  
 5.34  
 0.58  
 0.33  
 
22 
 10.09  
 1.09  
 0.63  
 5.64  
 0.61  
 0.35  
 
23 
 10.79  
 1.17  
 0.68  
 5.98  
 0.65  
 0.37  
 
24 
 11.57  
 1.26  
 0.73  
 6.37  
 0.69  
 0.40  
 
25 
 12.45  
 1.35  
 0.78  
 6.83  
 0.74  
 0.43  
 
26 
 13.44  
 1.46  
 0.84  
 7.34  
 0.80  
 0.46  
 
27 
 14.54  
 1.58  
 0.91  
 7.94  
 0.86  
 0.50  
 
28 
 15.77  
 1.71  
 0.99  
 8.61  
 0.93  
 0.54  
 
29 
 17.14  
 1.86  
 1.08  
 9.37  
 1.02  
 0.59  
 
30 
 18.66  
 2.03  
 1.17  
 10.22  
 1.11  
 0.64  
 
31 
 20.34  
 2.21  
 1.28  
 11.17  
 1.21  
 0.70  
 
32 
 22.18  
 2.41  
 1.40  
 12.23  
 1.33  
 0.77  
 
33 
 24.19  
 2.63  
 1.53  
 13.40  
 1.45  
 0.84  
 
34 
 26.38  
 2.87  
 1.66  
 14.68  
 1.59  
 0.92  
 
35 
 28.75  
 3.13  
 1.82  
 16.09  
 1.75  
 1.01  
 
36 
 31.30  
 3.40  
 1.98  
 17.62  
 1.91  
 1.11  
 
37 
 34.03  
 3.70  
 2.15  
 19.28  
 2.09  
 1.21  
 
38 
 36.97  
 4.02  
 2.34  
 21.08  
 2.29  
 1.33  
 
39 
 40.12  
 4.37  
 2.55  
 23.04  
 2.50  
 1.45  
 
40 
 43.51  
 4.74  
 2.77  
 25.18  
 2.74  
 1.59  
 
41 
 47.19  
 5.15  
 3.00  
 27.55  
 2.99  
 1.74  
 
42 
 51.21  
 5.59  
 3.27  
 30.16  
 3.28  
 1.91  
 
43 
 55.60  
 6.07  
 3.55  
 33.09  
 3.60  
 2.09  
 
44 
 60.44  
 6.61  
 3.87  
 36.36  
 3.96  
 2.30  
 
45 
 65.77  
 7.20  
 4.22  
 40.05  
 4.36  
 2.54  
 
46 
 71.65  
 7.85  
 4.61  
 44.20  
 4.82  
 2.81  
 
47 
 78.16  
 8.57  
 5.04  
 48.90  
 5.33  
 3.11  
 
48 
 85.37  
 9.37  
 5.52  
 54.23  
 5.92  
 3.46  
 
49 
 93.37  
 10.26  
 6.06  
 60.28  
 6.58  
 3.85  
 
50 
 102.27  
 11.25  
 6.66  
 67.15  
 7.34  
 4.30  
 


 
保险期间：30年    基本保险金额：1000元 
 
费率1档 
 金额单位：人民币元 
 
性别 
 男性 
 女性 
 
年龄/交费期 
 一次交清 
 10年交 
 20年交 
 30年交 
 一次交清 
 10年交 
 20年交 
 30年交 
 
18 
 14.80  
 1.61  
 0.93  
 0.72  
 8.44  
 0.92  
 0.53  
 0.41  
 
19 
 15.93  
 1.73  
 1.00  
 0.77  
 9.03  
 0.98  
 0.57  
 0.44  
 
20 
 17.17  
 1.86  
 1.08  
 0.83  
 9.69  
 1.05  
 0.61  
 0.47  
 
21 
 18.54  
 2.01  
 1.16  
 0.90  
 10.42  
 1.13  
 0.65  
 0.50  
 
22 
 20.04  
 2.17  
 1.26  
 0.97  
 11.23  
 1.22  
 0.70  
 0.54  
 
23 
 21.68  
 2.35  
 1.36  
 1.05  
 12.14  
 1.32  
 0.76  
 0.59  
 
24 
 23.48  
 2.55  
 1.47  
 1.14  
 13.14  
 1.42  
 0.82  
 0.63  
 
25 
 25.43  
 2.76  
 1.60  
 1.23  
 14.24  
 1.54  
 0.89  
 0.69  
 
26 
 27.54  
 2.99  
 1.73  
 1.34  
 15.46  
 1.68  
 0.97  
 0.75  
 
27 
 29.81  
 3.24  
 1.87  
 1.45  
 16.78  
 1.82  
 1.05  
 0.81  
 
28 
 32.27  
 3.50  
 2.03  
 1.57  
 18.24  
 1.98  
 1.14  
 0.88  
 
29 
 34.91  
 3.79  
 2.20  
 1.70  
 19.84  
 2.15  
 1.24  
 0.96  
 
30 
 37.78  
 4.10  
 2.38  
 1.84  
 21.60  
 2.34  
 1.35  
 1.05  
 
31 
 40.90  
 4.44  
 2.57  
 2.00  
 23.55  
 2.56  
 1.48  
 1.14  
 
32 
 44.31  
 4.82  
 2.79  
 2.17  
 25.73  
 2.79  
 1.61  
 1.25  
 
33 
 48.07  
 5.22  
 3.03  
 2.35  
 28.17  
 3.06  
 1.77  
 1.37  
 
34 
 52.20  
 5.68  
 3.29  
 2.56  
 30.91  
 3.35  
 1.94  
 1.50  
 
35 
 56.77  
 6.17  
 3.59  
 2.79  
 33.99  
 3.69  
 2.14  
 1.65  
 
36 
 61.82  
 6.73  
 3.91  
 3.05  
 37.47  
 4.07  
 2.36  
 1.83  
 
37 
 67.41  
 7.34  
 4.27  
 3.33  
 41.39  
 4.50  
 2.60  
 2.02  
 
38 
 73.60  
 8.01  
 4.66  
 3.64  
 45.83  
 4.98  
 2.89  
 2.24  
 
39 
 80.45  
 8.76  
 5.11  
 3.99  
 50.84  
 5.52  
 3.20  
 2.49  
 
40 
 88.05  
 9.60  
 5.60  
 4.38  
 56.49  
 6.14  
 3.56  
 2.77  
 


 
 
 
 
 
 
 
 
 
 
 
 
 
 
保险期间：至60周岁    基本保险金额：1000元 
 
费率1档 
   
   
   
   
   
 金额单位：人民币元 
 
性别 
 男性 
 女性 
 
年龄/交费期 
 一次交清 
 10年交 
 20年交 
 一次交清 
 10年交 
 20年交 
 
18 
 29.32  
 3.18  
 1.84  
 17.05  
 1.85  
 1.07  
 
19 
 29.99  
 3.25  
 1.88  
 17.39  
 1.89  
 1.09  
 
20 
 30.66  
 3.33  
 1.92  
 17.73  
 1.92  
 1.11  
 
21 
 31.34  
 3.40  
 1.97  
 18.09  
 1.96  
 1.13  
 
22 
 32.03  
 3.48  
 2.01  
 18.45  
 2.00  
 1.15  
 
23 
 32.73  
 3.55  
 2.05  
 18.81  
 2.04  
 1.18  
 
24 
 33.44  
 3.63  
 2.10  
 19.19  
 2.08  
 1.20  
 
25 
 34.16  
 3.71  
 2.14  
 19.57  
 2.12  
 1.23  
 
26 
 34.88  
 3.79  
 2.19  
 19.97  
 2.17  
 1.25  
 
27 
 35.61  
 3.87  
 2.24  
 20.37  
 2.21  
 1.28  
 
28 
 36.33  
 3.95  
 2.28  
 20.77  
 2.25  
 1.30  
 
29 
 37.06  
 4.02  
 2.33  
 21.19  
 2.30  
 1.33  
 
30 
 37.78  
 4.10  
 2.38  
 21.60  
 2.34  
 1.35  
 
31 
 38.49  
 4.18  
 2.42  
 22.02  
 2.39  
 1.38  
 
32 
 39.18  
 4.26  
 2.47  
 22.43  
 2.43  
 1.41  
 
33 
 39.86  
 4.33  
 2.51  
 22.84  
 2.48  
 1.43  
 
34 
 40.51  
 4.40  
 2.56  
 23.24  
 2.52  
 1.46  
 
35 
 41.13  
 4.47  
 2.60  
 23.63  
 2.56  
 1.48  
 
36 
 41.72  
 4.54  
 2.64  
 24.00  
 2.61  
 1.51  
 
37 
 42.26  
 4.60  
 2.68  
 24.35  
 2.64  
 1.53  
 
38 
 42.75  
 4.65  
 2.71  
 24.67  
 2.68  
 1.55  
 
39 
 43.17  
 4.70  
 2.74  
 24.95  
 2.71  
 1.57  
 
40 
 43.51  
 4.74  
 2.77  
 25.18  
 2.74  
 1.59  
 
41 
 43.76  
 4.77  
   
 25.37  
 2.76  
   
 
42 
 43.90  
 4.79  
   
 25.48  
 2.77  
   
 
43 
 43.91  
 4.80  
   
 25.53  
 2.78  
   
 
44 
 43.77  
 4.78  
   
 25.48  
 2.77  
   
 
45 
 43.45  
 4.75  
   
 25.33  
 2.76  
   
 
46 
 42.93  
 4.70  
   
 25.07  
 2.73  
   
 
47 
 42.18  
 4.62  
   
 24.67  
 2.69  
   
 
48 
 41.17  
 4.52  
   
 24.13  
 2.63  
   
 
49 
 39.87  
 4.38  
   
 23.41  
 2.56  
   
 
50 
 38.25  
 4.21  
   
 22.52  
 2.46  
   
 
51 
 36.29  
   
   
 21.43  
   
   
 
52 
 33.97  
   
   
 20.11  
   
   
 
53 
 31.24  
   
   
 18.56  
   
   
 
54 
 28.09  
   
   
 16.75  
   
   
 
55 
 24.49  
   
   
 14.66  
   
   
 


 
保险期间：至70周岁    基本保险金额：1000元 
 
费率1档 
   
   
   
   
   
   
   
 金额单位：人民币元 
 
性别 
 男性 
 女性 
 
年龄/交费期 
 一次交清 
 10年交 
 20年交 
 30年交 
 一次交清 
 10年交 
 20年交 
 30年交 
 
18 
 49.95  
 5.42  
 3.13  
 2.41  
 31.63  
 3.43  
 1.98  
 1.52  
 
19 
 51.34  
 5.57  
 3.22  
 2.48  
 32.48  
 3.52  
 2.03  
 1.57  
 
20 
 52.77  
 5.72  
 3.31  
 2.55  
 33.36  
 3.62  
 2.09  
 1.61  
 
21 
 54.23  
 5.88  
 3.40  
 2.63  
 34.27  
 3.72  
 2.15  
 1.65  
 
22 
 55.74  
 6.05  
 3.50  
 2.70  
 35.20  
 3.82  
 2.20  
 1.70  
 
23 
 57.28  
 6.22  
 3.59  
 2.78  
 36.15  
 3.92  
 2.26  
 1.75  
 
24 
 58.85  
 6.39  
 3.69  
 2.85  
 37.14  
 4.03  
 2.33  
 1.79  
 
25 
 60.47  
 6.56  
 3.80  
 2.93  
 38.16  
 4.14  
 2.39  
 1.84  
 
26 
 62.13  
 6.74  
 3.90  
 3.02  
 39.21  
 4.25  
 2.46  
 1.89  
 
27 
 63.82  
 6.93  
 4.01  
 3.10  
 40.29  
 4.37  
 2.52  
 1.95  
 
28 
 65.55  
 7.12  
 4.12  
 3.19  
 41.40  
 4.49  
 2.59  
 2.00  
 
29 
 67.31  
 7.31  
 4.23  
 3.28  
 42.53  
 4.61  
 2.67  
 2.06  
 
30 
 69.10  
 7.51  
 4.35  
 3.37  
 43.70  
 4.74  
 2.74  
 2.12  
 
31 
 70.93  
 7.71  
 4.47  
 3.46  
 44.90  
 4.87  
 2.82  
 2.18  
 
32 
 72.78  
 7.91  
 4.59  
 3.56  
 46.12  
 5.00  
 2.89  
 2.24  
 
33 
 74.65  
 8.11  
 4.71  
 3.66  
 47.37  
 5.14  
 2.97  
 2.30  
 
34 
 76.55  
 8.32  
 4.83  
 3.76  
 48.64  
 5.28  
 3.05  
 2.36  
 
35 
 78.46  
 8.53  
 4.96  
 3.86  
 49.93  
 5.42  
 3.14  
 2.43  
 
36 
 80.38  
 8.74  
 5.08  
 3.96  
 51.23  
 5.56  
 3.22  
 2.50  
 
37 
 82.31  
 8.96  
 5.21  
 4.06  
 52.54  
 5.71  
 3.31  
 2.56  
 
38 
 84.24  
 9.17  
 5.34  
 4.17  
 53.86  
 5.85  
 3.39  
 2.63  
 
39 
 86.15  
 9.38  
 5.47  
 4.28  
 55.18  
 6.00  
 3.48  
 2.70  
 
40 
 88.05  
 9.60  
 5.60  
 4.38  
 56.49  
 6.14  
 3.56  
 2.77  
 
41 
 89.91  
 9.81  
 5.72  
   
 57.79  
 6.28  
 3.65  
   
 
42 
 91.73  
 10.01  
 5.85  
   
 59.07  
 6.42  
 3.73  
   
 
43 
 93.48  
 10.21  
 5.97  
   
 60.31  
 6.56  
 3.82  
   
 
44 
 95.16  
 10.40  
 6.09  
   
 61.52  
 6.70  
 3.90  
   
 
45 
 96.73  
 10.58  
 6.21  
   
 62.66  
 6.83  
 3.98  
   
 
46 
 98.18  
 10.75  
 6.32  
   
 63.75  
 6.95  
 4.05  
   
 
47 
 99.48  
 10.91  
 6.42  
   
 64.75  
 7.06  
 4.12  
   
 
48 
 100.61  
 11.04  
 6.51  
   
 65.66  
 7.17  
 4.19  
   
 
49 
 101.55  
 11.16  
 6.59  
   
 66.47  
 7.26  
 4.25  
   
 
50 
 102.27  
 11.25  
 6.66  
   
 67.15  
 7.34  
 4.30  
   
 
51 
 102.76  
 11.32  
   
   
 67.70  
 7.40  
   
   
 
52 
 102.98  
 11.36  
   
   
 68.09  
 7.45  
   
   
 
53 
 102.93  
 11.37  
   
   
 68.32  
 7.49  
   
   
 
54 
 102.58  
 11.34  
   
   
 68.37  
 7.50  
   
   
 
55 
 101.91  
 11.29  
   
   
 68.22  
 7.49  
   
   
 


 
保险期间：20年    基本保险金额：1000元 
费率2档 
   
   
   
   
   
 金额单位：人民币元 
 
性别 
 男性 
 女性 
 
年龄/交费期 
 一次交清 
 10年交 
 20年交 
 一次交清 
 10年交 
 20年交 
 
18 
 9.63  
 1.05  
 0.60  
 5.43  
 0.59  
 0.34  
 
19 
 10.19  
 1.11  
 0.64  
 5.66  
 0.61  
 0.35  
 
20 
 10.80  
 1.17  
 0.68  
 5.92  
 0.64  
 0.37  
 
21 
 11.48  
 1.25  
 0.72  
 6.22  
 0.68  
 0.39  
 
22 
 12.24  
 1.33  
 0.77  
 6.57  
 0.71  
 0.41  
 
23 
 13.08  
 1.42  
 0.82  
 6.97  
 0.76  
 0.44  
 
24 
 14.03  
 1.52  
 0.88  
 7.43  
 0.81  
 0.47  
 
25 
 15.10  
 1.64  
 0.95  
 7.96  
 0.86  
 0.50  
 
26 
 16.29  
 1.77  
 1.02  
 8.56  
 0.93  
 0.54  
 
27 
 17.62  
 1.91  
 1.11  
 9.25  
 1.00  
 0.58  
 
28 
 19.12  
 2.08  
 1.20  
 10.04  
 1.09  
 0.63  
 
29 
 20.77  
 2.26  
 1.31  
 10.92  
 1.18  
 0.68  
 
30 
 22.61  
 2.46  
 1.43  
 11.91  
 1.29  
 0.75  
 
31 
 24.64  
 2.68  
 1.55  
 13.02  
 1.41  
 0.82  
 
32 
 26.86  
 2.92  
 1.70  
 14.25  
 1.55  
 0.89  
 
33 
 29.29  
 3.19  
 1.85  
 15.61  
 1.69  
 0.98  
 
34 
 31.93  
 3.47  
 2.02  
 17.10  
 1.86  
 1.08  
 
35 
 34.78  
 3.79  
 2.20  
 18.74  
 2.03  
 1.18  
 
36 
 37.86  
 4.12  
 2.40  
 20.52  
 2.23  
 1.29  
 
37 
 41.15  
 4.48  
 2.61  
 22.45  
 2.44  
 1.41  
 
38 
 44.68  
 4.87  
 2.84  
 24.54  
 2.67  
 1.55  
 
39 
 48.47  
 5.29  
 3.09  
 26.82  
 2.92  
 1.69  
 
40 
 52.55  
 5.73  
 3.35  
 29.31  
 3.19  
 1.85  
 
41 
 56.97  
 6.22  
 3.64  
 32.05  
 3.49  
 2.03  
 
42 
 61.78  
 6.75  
 3.96  
 35.09  
 3.82  
 2.22  
 
43 
 67.05  
 7.34  
 4.31  
 38.48  
 4.19  
 2.44  
 
44 
 72.84  
 7.98  
 4.69  
 42.27  
 4.61  
 2.68  
 
45 
 79.21  
 8.68  
 5.11  
 46.54  
 5.07  
 2.96  
 
46 
 86.23  
 9.47  
 5.58  
 51.35  
 5.60  
 3.27  
 
47 
 93.98  
 10.33  
 6.10  
 56.78  
 6.20  
 3.63  
 
48 
 102.54  
 11.29  
 6.68  
 62.93  
 6.88  
 4.03  
 
49 
 112.04  
 12.35  
 7.33  
 69.91  
 7.64  
 4.48  
 
50 
 122.57  
 13.53  
 8.05  
 77.82  
 8.52  
 5.01  
 


 
 
 
 
保险期间：30年    基本保险金额：1000元 
 
费率2档 
 金额单位：人民币元 
 
性别 
 男性 
 女性 
 
年龄/交费期 
 一次交清 
 10年交 
 20年交 
 30年交 
 一次交清 
 10年交 
 20年交 
 30年交 
 
18 
 17.94  
 1.95  
 1.12  
 0.87  
 9.84  
 1.07  
 0.62  
 0.47  
 
19 
 19.29  
 2.09  
 1.21  
 0.93  
 10.53  
 1.14  
 0.66  
 0.51  
 
20 
 20.79  
 2.26  
 1.30  
 1.01  
 11.29  
 1.22  
 0.71  
 0.54  
 
21 
 22.44  
 2.44  
 1.41  
 1.09  
 12.14  
 1.32  
 0.76  
 0.59  
 
22 
 24.26  
 2.63  
 1.52  
 1.18  
 13.09  
 1.42  
 0.82  
 0.63  
 
23 
 26.24  
 2.85  
 1.65  
 1.27  
 14.14  
 1.53  
 0.89  
 0.68  
 
24 
 28.41  
 3.08  
 1.78  
 1.38  
 15.31  
 1.66  
 0.96  
 0.74  
 
25 
 30.76  
 3.34  
 1.93  
 1.50  
 16.59  
 1.80  
 1.04  
 0.80  
 
26 
 33.30  
 3.62  
 2.09  
 1.62  
 18.00  
 1.95  
 1.13  
 0.87  
 
27 
 36.03  
 3.91  
 2.27  
 1.76  
 19.54  
 2.12  
 1.22  
 0.95  
 
28 
 38.98  
 4.23  
 2.45  
 1.90  
 21.23  
 2.30  
 1.33  
 1.03  
 
29 
 42.16  
 4.58  
 2.66  
 2.06  
 23.09  
 2.50  
 1.45  
 1.12  
 
30 
 45.60  
 4.96  
 2.87  
 2.23  
 25.13  
 2.73  
 1.58  
 1.22  
 
31 
 49.35  
 5.36  
 3.11  
 2.42  
 27.40  
 2.97  
 1.72  
 1.33  
 
32 
 53.44  
 5.81  
 3.37  
 2.62  
 29.93  
 3.25  
 1.88  
 1.45  
 
33 
 57.93  
 6.30  
 3.66  
 2.85  
 32.75  
 3.56  
 2.06  
 1.59  
 
34 
 62.87  
 6.84  
 3.98  
 3.10  
 35.93  
 3.90  
 2.26  
 1.75  
 
35 
 68.32  
 7.44  
 4.33  
 3.37  
 39.49  
 4.29  
 2.48  
 1.93  
 
36 
 74.34  
 8.09  
 4.71  
 3.68  
 43.51  
 4.73  
 2.74  
 2.13  
 
37 
 80.98  
 8.82  
 5.14  
 4.02  
 48.05  
 5.22  
 3.03  
 2.35  
 
38 
 88.32  
 9.63  
 5.62  
 4.40  
 53.16  
 5.78  
 3.35  
 2.61  
 
39 
 96.44  
 10.52  
 6.14  
 4.82  
 58.93  
 6.41  
 3.72  
 2.89  
 
40 
 105.41  
 11.50  
 6.73  
 5.29  
 65.44  
 7.12  
 4.13  
 3.22  
 


 
 
 
 
 
 
 
 
 
 
 
 
 
 
保险期间：至60周岁    基本保险金额：1000元 
 
费率2档 
   
   
   
   
   
 金额单位：人民币元 
 
性别 
 男性 
 女性 
 
年龄/交费期 
 一次交清 
 10年交 
 20年交 
 一次交清 
 10年交 
 20年交 
 
18 
 35.39  
 3.84  
 2.22  
 19.83  
 2.15  
 1.24  
 
19 
 36.19  
 3.93  
 2.27  
 20.23  
 2.19  
 1.27  
 
20 
 37.01  
 4.02  
 2.32  
 20.63  
 2.24  
 1.29  
 
21 
 37.83  
 4.11  
 2.37  
 21.05  
 2.28  
 1.32  
 
22 
 38.66  
 4.20  
 2.43  
 21.46  
 2.33  
 1.34  
 
23 
 39.51  
 4.29  
 2.48  
 21.89  
 2.37  
 1.37  
 
24 
 40.37  
 4.38  
 2.54  
 22.33  
 2.42  
 1.40  
 
25 
 41.23  
 4.48  
 2.59  
 22.78  
 2.47  
 1.43  
 
26 
 42.10  
 4.57  
 2.65  
 23.23  
 2.52  
 1.46  
 
27 
 42.98  
 4.67  
 2.70  
 23.70  
 2.57  
 1.49  
 
28 
 43.86  
 4.76  
 2.76  
 24.17  
 2.62  
 1.52  
 
29 
 44.74  
 4.86  
 2.82  
 24.65  
 2.67  
 1.55  
 
30 
 45.60  
 4.96  
 2.87  
 25.13  
 2.73  
 1.58  
 
31 
 46.46  
 5.05  
 2.93  
 25.62  
 2.78  
 1.61  
 
32 
 47.30  
 5.14  
 2.99  
 26.10  
 2.83  
 1.64  
 
33 
 48.12  
 5.23  
 3.04  
 26.58  
 2.88  
 1.67  
 
34 
 48.91  
 5.32  
 3.09  
 27.04  
 2.94  
 1.70  
 
35 
 49.66  
 5.41  
 3.14  
 27.50  
 2.99  
 1.73  
 
36 
 50.37  
 5.48  
 3.19  
 27.93  
 3.03  
 1.76  
 
37 
 51.03  
 5.56  
 3.24  
 28.33  
 3.08  
 1.79  
 
38 
 51.62  
 5.63  
 3.28  
 28.70  
 3.12  
 1.81  
 
39 
 52.13  
 5.69  
 3.32  
 29.03  
 3.16  
 1.83  
 
40 
 52.55  
 5.73  
 3.35  
 29.31  
 3.19  
 1.85  
 
41 
 52.85  
 5.77  
   
 29.52  
 3.21  
   
 
42 
 53.03  
 5.80  
   
 29.66  
 3.23  
   
 
43 
 53.05  
 5.80  
   
 29.71  
 3.24  
   
 
44 
 52.88  
 5.79  
   
 29.66  
 3.23  
   
 
45 
 52.51  
 5.76  
   
 29.49  
 3.22  
   
 
46 
 51.89  
 5.70  
   
 29.18  
 3.18  
   
 
47 
 50.99  
 5.60  
   
 28.72  
 3.14  
   
 
48 
 49.77  
 5.48  
   
 28.09  
 3.07  
   
 
49 
 48.21  
 5.31  
   
 27.27  
 2.98  
   
 
50 
 46.27  
 5.11  
   
 26.23  
 2.87  
   
 
51 
 43.92  
   
   
 24.96  
   
   
 
52 
 41.11  
   
   
 23.43  
   
   
 
53 
 37.83  
   
   
 21.63  
   
   
 
54 
 34.03  
   
   
 19.52  
   
   
 
55 
 29.68  
   
   
 17.09  
   
   
 


 
保险期间：至70周岁    基本保险金额：1000元 
 
费率2档 
   
   
   
   
   
   
   
 金额单位：人民币元 
 
性别 
 男性 
 女性 
 
年龄/交费期 
 一次交清 
 10年交 
 20年交 
 30年交 
 一次交清 
 10年交 
 20年交 
 30年交 
 
18 
 59.81  
 6.49  
 3.75  
 2.89  
 36.64  
 3.97  
 2.29  
 1.77  
 
19 
 61.47  
 6.67  
 3.86  
 2.98  
 37.63  
 4.08  
 2.36  
 1.82  
 
20 
 63.18  
 6.86  
 3.96  
 3.06  
 38.65  
 4.19  
 2.42  
 1.87  
 
21 
 64.93  
 7.05  
 4.08  
 3.15  
 39.69  
 4.30  
 2.49  
 1.92  
 
22 
 66.73  
 7.24  
 4.19  
 3.24  
 40.77  
 4.42  
 2.55  
 1.97  
 
23 
 68.57  
 7.44  
 4.31  
 3.33  
 41.88  
 4.54  
 2.62  
 2.02  
 
24 
 70.46  
 7.65  
 4.43  
 3.42  
 43.02  
 4.67  
 2.70  
 2.08  
 
25 
 72.39  
 7.86  
 4.55  
 3.52  
 44.20  
 4.79  
 2.77  
 2.14  
 
26 
 74.37  
 8.08  
 4.68  
 3.62  
 45.41  
 4.93  
 2.85  
 2.20  
 
27 
 76.40  
 8.30  
 4.81  
 3.72  
 46.66  
 5.06  
 2.93  
 2.26  
 
28 
 78.47  
 8.52  
 4.94  
 3.83  
 47.95  
 5.20  
 3.01  
 2.32  
 
29 
 80.58  
 8.75  
 5.07  
 3.94  
 49.27  
 5.35  
 3.09  
 2.39  
 
30 
 82.72  
 8.99  
 5.21  
 4.05  
 50.62  
 5.49  
 3.18  
 2.46  
 
31 
 84.91  
 9.23  
 5.35  
 4.16  
 52.01  
 5.64  
 3.26  
 2.52  
 
32 
 87.12  
 9.47  
 5.50  
 4.28  
 53.42  
 5.80  
 3.35  
 2.60  
 
33 
 89.37  
 9.72  
 5.65  
 4.40  
 54.87  
 5.96  
 3.45  
 2.67  
 
34 
 91.63  
 9.97  
 5.80  
 4.52  
 56.34  
 6.12  
 3.54  
 2.74  
 
35 
 93.92  
 10.22  
 5.95  
 4.64  
 57.83  
 6.28  
 3.64  
 2.82  
 
36 
 96.22  
 10.48  
 6.10  
 4.76  
 59.34  
 6.44  
 3.74  
 2.90  
 
37 
 98.53  
 10.73  
 6.26  
 4.89  
 60.86  
 6.61  
 3.83  
 2.98  
 
38 
 100.84  
 10.99  
 6.41  
 5.02  
 62.39  
 6.78  
 3.93  
 3.06  
 
39 
 103.14  
 11.25  
 6.57  
 5.15  
 63.92  
 6.95  
 4.03  
 3.14  
 
40 
 105.41  
 11.50  
 6.73  
 5.29  
 65.44  
 7.12  
 4.13  
 3.22  
 
41 
 107.65  
 11.76  
 6.88  
   
 66.94  
 7.28  
 4.23  
   
 
42 
 109.83  
 12.01  
 7.04  
   
 68.42  
 7.45  
 4.33  
   
 
43 
 111.94  
 12.25  
 7.19  
   
 69.87  
 7.61  
 4.43  
   
 
44 
 113.95  
 12.48  
 7.34  
   
 71.26  
 7.76  
 4.53  
   
 
45 
 115.84  
 12.70  
 7.48  
   
 72.60  
 7.92  
 4.62  
   
 
46 
 117.59  
 12.91  
 7.61  
   
 73.86  
 8.06  
 4.71  
   
 
47 
 119.17  
 13.10  
 7.74  
   
 75.02  
 8.19  
 4.79  
   
 
48 
 120.54  
 13.27  
 7.86  
   
 76.08  
 8.31  
 4.87  
   
 
49 
 121.68  
 13.41  
 7.96  
   
 77.02  
 8.42  
 4.94  
   
 
50 
 122.57  
 13.53  
 8.05  
   
 77.82  
 8.52  
 5.01  
   
 
51 
 123.18  
 13.61  
   
   
 78.46  
 8.59  
   
   
 
52 
 123.48  
 13.67  
   
   
 78.93  
 8.65  
   
   
 
53 
 123.45  
 13.69  
   
   
 79.20  
 8.69  
   
   
 
54 
 123.07  
 13.67  
   
   
 79.27  
 8.71  
   
   
 
55 
 122.31  
 13.61  
   
   
 79.11  
 8.71  
   
   
 


 

